965
46464
999999998
118263990
65536
323
76032
116640
57344
28800
3960
257
248832
92
23040
84000
314928
805306368
7056
88704
56700
68040
18816
15120
55296
29700
87
189
95256
75264
13824
3510
95040
21840
101250
409342369
64922375
6
236250
15680
810
4608
226800
62
119
243000
27456
621008
108
29250
186624
33
28080
32076
31680
8640
3168
1836
432000
504
17424
81920
50544
100800
42000
641
23328
559
107
47040
320
15552
362
16464
80949857
11664
391
262440
9240
120000
82268566
961175759
21952
115
44550
90720
94770
15
105000
76800
630
2736
10260
393216
125440
361
155520
6480
145800
8826131
54000
8772
2940
5044
7
85536
77
63000
122880
2520
79548
3864
999999937
300
307200
700
25490988
4620
108864
2352
468
1323
23400
26
19008
1249
625433749
81
215040
2100
5
145152
36
28672
70200
457481
1001604
142884
672
373248
74
94080
53940
18000
57024
162000
75600
540
3120
31500
13122
30240
216
6300
281250
1440
1000000000
9504
43200
36960
209952
2200
14
16380
75
31752
2640
105840
16800
174960
124
576
688978813
524288
93312
3264
699840
18240
1520
39936
5280
24
3360
118
4536
56448
2720
3584
1512
129024
111
998506315
131220
60480
587234
13
29400
1800
73
28000
13440
85
8000
324000
4704
1824
5400
180
89100
69120
19656
42755209
6075
17640
11340
8400
1100
33600
2688
17550
967669583
1000000
241920
207360
14112
59136
8015864
103
5616
50688
164640
388800
10752
18720
2906162
5600
987
63
4800
39600
536870912
117
69888
235200
11016
82944
300000
6765
5376
24696
633
71805
3900
123480
51840
48000
70235461
24750
20592
91857
6552
54880
10368
6037
116
291600
30
17
6541551
11232
8624
17280
279936
459270
989447237
11000
169344
67200
54600
36864
6399199
33108
15750
1386
20
48510
67
7128
38497
8087519
12672
92317161
9180
1632
1134
150000
99840
49280
89600
45360
139968
1848
20328
64
5625
42336
21870
182250
19440
934
13860
126
480000
52488
1960
2000
420
14400
63180
2160
306180
4173641
230400
1671
782
2880
61966
24480
1817
135
34111
3509575
2600
126720
864
16524
196830
147456
47628
1920
121500
2400
7389
124416
18480
35640
110
14040
986129769
70400
922505446
21383
9408
1260
442368
49920
4050
109
276480
160
71
5250
24000
12096
3888
13500
362880
81000
12288
128000
3780
4374
8976
184320
93
128
27184698
37
86
82
8550
24192
3645
151200
501
85050
12960
2304
1584
244944
67584
133650
5120
24300
7200
552960
546750
144000
5601
322081025
65
11085765
45
938017885
42
546
8250
4160
70
38880
31104
66
79200
92160
11
37440
3312
3157819
47958485
36283838
20160
408240
281
38016
288
45000
46080
21168
1215
2340
336000
345600
9100
56160
56
32256
85712697
7897861
13230
517759
981028563
1008
30720
58320
302400
4200
5520
9827
4488
25
6840
89
87480
5657
70560
2156
63504
14336
101
327680
3000
1728
33696
63360
696
194241
23100
10800
198450
5304
58
50
10560
653477439
622080
583200
105600
115248
3456
192
983900459
476014
2730
322560
518400
102060
4914
12800
510205
91
97
1944
153600
98
25600
172032
233280
393660
1701
1048576
17820
1741
8372259
969
196608
8320
999999999
103680
660
46
768
9900
179200
7776
4943
67893369
12150
4032
225792
38400
181440
245760
40
8960
994617
31
448
31590
32768
3
53760
44800
957262828
108000
110592
971866761
70000
58800
655360
104
1890
1620
10000
3528
3024
430080
35100
47473
52800
673921
81648
27000
787320
49
57600
2025
589833267
102
2097152
168960
118800
5824
2268
32400
157464
226151256
123
3371
6930
40824
163840
16
74880
33792
11264
92400
4320
141120
72900
7680
395
88
21600
259200
26880
7025
288000
64800
129
48384
76
1
21504
646
98304
211680
32640
41600
725573
9409159
12768
8347
165888
8
14688
519
5346
97200
8448
55
2431
59
20000
3240
49000
7290
72576
5808
926315427
5940
432255
170100
35
37800
640
6750
2707
54432
67500
6804
12240
6720
414720
24576
16200
8660
21000
1056
112
4312
1680
16320
135000
22464
132000
73728
84480
52
32805
48600
60
4752
1530
34
80
998244353
49152
301056
47
5760
964532929
524880
2430
12544
94
460800
42768
364500
127
2016
138240
1615
15876
61440
114688
90
41580
340200
216000
4
4680
78000
268800
912
2403381
96228
5073
40320
7455307
38
3072
79
8208
1600
900360029
5721
474
5361
282791
33401221
14560
17920
64512
22680
697106497
77760
68
5767201
105
405000
472392
26460
20480
5016
65610
4480
954158175
98415
72
86400
7040
69
115200
1001
346742385
51030
51
54
12348
85881
34944
180000
441
23232
214573
193
131980
746803744
176400
18432
53
28
5297
2310
19800
43
9489
99000
396
59400
112896
34560
42105
29484
2560
99
10500
12000
5200
83160
22950
15840
368640
13056
1764
66150
32000
28512
23115571
2376
131
9216
49500
916855204
150528
22
904152917
118272
168000
491520
32670
110250
96768
8100
94500
473
30030
204120
375000
52920
6400
104976
221184
58054077
4725
193536
30973
121
8316
2
331776
486000
7392
7920
4000
256000
360000
142560
7390
125
8064
107520
57
466560
23
7785
34848
294912
20736
10
6000
8424
31200
84579
27216
161280
40950
83
113
84240
16000
9000
270000
22500
9425
1904
900
3564
29120
29952
4158
4788
816
170
4410
7938
86016
22848
78750
48
21
52416
202500
66528
120
62208
134400
49392
201600
95
69984
792
33750
19200
40960
72000
567
3600
6600
43680
127008
106
84
311040
35280
41472
13680
482421315
19
57624
224
5040
136080
10240
614400
14700
32
7500
3696
4539685
80640
29160
25200
61740
9450
34020
29
217728
71280
5000
9600
96000
349920
44
74088
43740
9
48238
240000
96
2070
122877509
17136
4733
16128
2250
4560
15400
813
44928
122
35503
7560
2592
8748
200000
4655
129600
7296
78
25002
112000
34300
64152
4675
16224
194400
23760
163296
252000
21384
786432
50000
100696425
2618049
49896
5184
42120
25920
64680
22176
3375
50400
192000
949106497
15288
9800
4896
27720
665
1500
10710
10080
18
12870
132300
